486 numu cue UNI) venustum <monn ΒΖΜ anALT 1)ssss BAPsrs·

3333 [ab mir 33 3333333333 3333,
333 333333 333333 33333333 33333333 333333,
333 3333 [u nil 3333333 1333,
3333 3333 3333333 33333 33.
namn 3333 3 3333 33 it 3333333 333 333 333,
[Φυιέὓωῐω 333 333 333333 [3333333 33333333 3333
⁶²¹¹ m 3333333 33333, 333 33333333 3333,
3333 ‘myst 33 33333 3333 333 333,
3333333333 333 3333 jn 1333333 33333333) 3333, ·
⁶¹³f¹¹⁵⁶³²¹fl¹¹¹“·³2-1 333333, 13333333, 3333333, 333 33333.
&ott 13333 3333333 3333 3333 33333,
mmmfflmfflmm
3333333333 33· 333 3333 333 8333333333 unimam. Amb. de
mmmm· 333 §hin 3333 3333 333 33333 3333 3333333. pastor.
wit 3333 333 3· Bit 33333 33 und) 33333333 3333,
⁹⁰fl⁶¹ ‘'ww‘ffl· 333 3333333333 nit 33333 [3333.
&t 333333), ir 133333 3333 33333 333333, Mat'. x.
’ 333 3333 aad) 3333 [unfit 333 333333 3333.
33333333. ’ pann 13333 33 333333 3333333 3333
33333333 33, 333 3333333333) 13333,
33 3333 333 3333333 333333 1333

333 3333 33333 333 &app 3333333333 3333.
'Dus 3333 333 333 [3333333 3333
333 33333 333 mit 3333 33333333.

3333333333 m 333 aff 3333333 33333333 33333,

{ffiffffflffi 333 mic 3333 3333 3333 [ein 333333 3333,

333 3333333, [a 33333333) 333333 [cin
333 333333 33333 33 333 333
333 3333333333 3333333333,
333 333 &bnt tin 33331333 fid) 3333333
333 3333333, 333 333 333333 iun?
,33333333 33 3333 333 333333 [333.

317333 3..6. 3193333333333 33. ⁸²¹ 33333333 5.6. 333333 5. 82’1333333 33.
§opst 6. ³²² 36333, 5. In 3. 33133333.33”33333 93333313333333333333331133133333 attrit-
33333333333333333. ⁸²⁴ 13335333, 3333333 3 821533335. 33333, 3. Μ3331333 2. 33 3,
Anna? 33333333 33333. 3. ³²² 33333333 33. ³²⁸ 33333 3. 333335. ³⁰1 3333,
δ9913333356. ³³⁰ 3331. 3333333333 33. 3333336. 9313333336. 3333333353.
88’33ιῖ332. [unum. [33333. 3333333336. ³³³ Dan m. (more solito.) ⁸³⁴ ihm.
3333335333. 3851333336. ⁸³⁶ 33333 6. ³³⁷i15m4. “ffatim-3· 3333333333 5.
³³⁹ 33333333 33. 333333 6. 33333, 33. 81333335. ⁸³¹ 3333333333. ⁸⁸² 33333 3.
3333333333 5. 3333 6. 3333 5. ³⁸⁸ 33333333 5. 3333333333, 36. 3333333333, 5.
³⁴⁶ 3333 33. nima 6. 33313333 56. ³⁴⁸ 333 336. 3333 3. 33333333 2. 33·
33331 4. [imm.

 

