’1111111111 11111 111111 1111 11111
1111111111111 111111,

31 1111111111 1111, 111 11111 111111

Bu 11111111 1111111111 11111 111111,

11111111 1111, 11111111 111 1111,

31 11111, 1111111111111 1111,
13111 1111, 11111 1111 ju 11111111

9111111111 111111 1111111 11111111 11111,

1111111 11 11111 111111 1111111111

,1111111 1111111111 11111111 11111111

31 111111 111 1111111111 11111111 111,
11ξ1111111 11 111111 111111 111,

ob 111 1111111111 11111111 1111,

ι111 1111111111111111 1111111111 111111,

ξω 11111 1111111111 1111111111 111111

31111111 11111 11111111,
11Β111111111111 111111 11111 1111111111,

Chr, 11111111 11111111 11111111

ι111 1111111 11111 1111111111,

1111111111 1111 1111111 1111

‘nh 111111 11111111111 111 11111,
1191111111 11111111 11111 1111 111111

ein 1111 [11111111 1111111111 11111,

§it 111111 1111 1111111111 111,

1111111111111111111111111111111111111111111.11111111. 1111111111111 311111. ¹31-
1111111 13. 111112. 1111111113.1111111112. ⁴(Disperenm ni poenitebit
111.) 11111 1. 3. natumnatum 111. 2. ⁸ ,t 2. jn] corni. e. 11111111 3. i. 1. 111111,
1111111111. 111 111112. Η11111111111111111111111111111111111111113111111,
11111111 1111 1111 111111111111111111111111111111 111111. ‘Momm 1. 111111 non
recepit 2. 1111111112. 71112. 11111112. [111 1. 3. 11111111, 2. ο1111]
11111111111112. 1111111. 2. 11111113. 1011111112. 111112. ¹¹ 11-
1112. 1’11111111 m. 11111111111111124111111113. ί11111111111111111·
11111112. ¹⁴ 111113. 111111 111112. 151111111. 111 1111 1111112. 11111111.
111112. 1111111112. 11111111 1. 171111112. 18[112. 1’11111111 11111112.
111, 2. ’111111 1111111112. 8111. 2. 1111111]1111111.3.11111111111111112.
1’1111111 111 1. 1111 1111111 2.

11111111 Ort. 111.. ΙΙΙ. 34

 

