1111111111 cuo 11111 1111111111 1111111 m 111111 111 mm. 525

111 111111 111 1111 11111 11111111 11111.
111111. iiij. 2ss 11111 11111111 111111 1111).
ξζξῐῗῑὲ 1111 1111111111 1111 1111 1111,
iiij. 1111 1111111111111111111111111111111111,
1111 11111 1111 11111111111111111.
8111 §nummu 11111 1111111,
11 11111 11 111 1111111111 1111
1111 1111111111,11111111 111111 111.
81111 11, 1111 111111111 11111 1111111.
Danu 1111 111 111111 111111 111111, 1111111111 11
111 11111111 1111111 111 11111111. mmm·
1111 311111 11111111111111111 1111111
11111 1111111111, Su 1111111111 111 1511111111 111-
1111 11111 111 1111111 111 111 111. “{mfbnffl‘flff'n
11111111111111111111111111111, w [Mt
1111 111111111111111,111 1111 11111.
(51111 111111 1111 111 111 11111111
- 111 1111111111 1111111111 111.
111 11111 1111 111 11111 1111 11111. 111111 1111·
1111 311 11111111 1111 111 111111 11111111 mmm·

2ss 1111111 11111111 11111 111111 1111111111

111111111111111111 1111111111 1111, ³f¹m ΜΨ·
111 11111111 11111111,111111 11111,
1111 111111111111111,111 1111 11111111.
1111 11111111 1111111111 11111111 111,

11 1111111 111111 11111111 1111.
1111 111111 1111111 11111111 1111,
1111 1111 111111 111111 11111 111 111.
wit 11111111 111 11111 111111 1111. ,111111 mim
ὓ111111 1111111,111111 111 111, ΜΨ mm·
1111111111 1111 1111111111,
1111 111 111111, 111111 111111 1111.
811 1111111111111111 1111111, 11111111,
111 1111111111 11111 1111 11111 11111111. [um.

—1————

¹⁵⁸⁸ 11111151. 11111113. ¹⁵⁸⁸ 11111 115. 1111. ¹⁶⁸² 11111111.
1111111116. 1588111111. 1111111.1.,1“1111,..1. 15411111111111. ¹⁵⁴· 111
M. 1111111111. 13. ¹⁵⁸⁴ 1111111. 15’7111111111 13. 11111,1..1.11111,5.1.
¹⁵⁴⁸ 111111. 1111 51. 1491111115. 1111111. 11,13.111,1. ¹⁶⁵⁰ 11· m.
him, ¹⁵⁵¹ 111113, 11111, 5. 1553111111111.111111111111111111. ¹⁶⁵⁸ 11111-
111113. 15511111111111. 111. 11111. 111111, 5. ’151111111111111
1)· ⁵· 8111111115. ¹³⁵⁷ 1111111111 16. 1111111111 5. 1111111115111. 1111, 1.
¹⁵⁵⁹ {tune 13. 11111116. 1111111111. 1511111115. 11. 181111111111. ¹⁶⁸⁸ 1111111
2³· 11111. 1111111. 11111111. 1511111111111. 1511111111111.

 

