4444444444 cnm 44444 4441444444444444 m (44444444 nus 44444444. 489

ι444444 444444 und) 44444444 4444444444 44444
444 444 444 444 44444 444 4444 44444444,
44444 4444444 4444 4444 44444 4444444444 44444, 44444 4444 444-
44 [4444444 [444 4444444 444 44 4444. *111 111111·

sssum 4444 44444 444444 4444444444 sanct 444444
444 44444 444444 4444444444 44444444), 1111111111·
444 4444 [4444 44444 44444444 444.
ζ444444 44444444 444 444444 44444444 444.
444 44444 [dm 4444 4444 4444444444 444,
444 4444 44444 4444 444444 4444 444444 4444
444 4444444444, 444 444 4444444444 444
444 41444444 44444 44444444 44444
49444444 444444 4444 444 Ὁ444444) 444
444 4444 44444 [u htfdjmdttt 44444
’ 34444444 444 4444444444 444444 4444,
444 444444 4444 4444, 444 4444444 4444 4444.
41444 44444 4444 4444444444 44444444,
444 [n 4444 4444 444 444 44444 44444.
Hiero. v. (I 34 OEnzbiudl id) [paim 4444) 344, βῖι444144444·
ξῦν-1181 444 444 444 4444444 4444 44444 444, '¹⁶¹⁰‘
J· 444 444444 444 [urb 444 mnf} 444 444,
444 Su 444 [44444 44444 [444444 4444,
’44144141ῗίζῖ44. [⁰ m{lxtnitt Ἧι ῃῗζίῗιξιηὶξῗιιὼίιιιιὴ 444444.
Lucae. xij. 44444444 44 4444 ,444444 4444 4444444, 444444 444 4444·
444 444444 44 44444 unt 4444444 mg, ''¹¹3¹'st
444 444444 444 444444444444444,
444 444 44 4444) 444444 4444 444444,
[u 44444 44 4444 [a 444 444444
444 444 [444 44444 ‘nm 4444444444 aar.

——ae-

11144443. 444444. 4444444444. 44444446. 1114444444444423. 11134444.
4444444 3. 44444, 44. 111 Du [4444444 m. 44444444 m. ⁴¹¹ §mn 3. 4444444 4.
4444444454. 4444444444, 3. 1114444423. 1114444 3. [unum. 111444444443. 44444444
4444. m. 4444. 54. 11144442. 4444 434. 44444444 2. 4444444 3. 44444446.
111444444.4.6.444444·42.3.444. 444444 2. 1144444445. haam. 11144444.
444445. 4444444. 1114444443. 444444 4. malumst. 4444444444334. 111 Ad 444449.
4..· 44444444444444. 1114444 46. 111444 m. 444 5. 11144444 2. 444444 3.
44444 3. 1114444444 44444444444444444. 11144444 4. 44444, 4. 44444, 5444444)
4444. 6. 111444 46. 4444,2.3. 34444. 111444 4. [amm. 44444, m.

11144444441. 4444442.3.444[4444...4. 44414442.4...4. 4444444 3. 11144444 3. 4444 ’

4444 6. 111 biam· 111 nemb15.6. 4444444444444, 2. 444444444444444, 3. 1114444444
111 [44 m. 44444 4...6. 4444444444 2.

 

