ADDENDA 111) VOL. V. 1111111111. 11111111111111111111111111. 1119. 567

AD VOLVMEN V.

Post Hutteni in ducem Virtenbergensem orationes (pag. 96.) collocatum ve·

lim sequentem ad epistolas quoque eius temporis accuratius cognoscendas egre·
gie facientem libellum, cuius notitiam 1118111111 debeo. constat 10 soll. 4⁰.

. quorum ultimum vacum est. Exemplum quo usussum, bibliothecae 1111111111-
chiensis (Eur. 331 (25)) est.

Ὺ 11111111111111
[1111111111 1111

111111 im 11111 11 ’1111111111
mit 1111111111 1111111111
11 1111111 1111111111 mit
111 81111 111111 11 1111

111 1111111 1111111 11
111 1111111 111111
1111111 111111
1111111

’ 111 11 Jur-

1111 11111111.

11 81111111611111111 111111 111 1111 111, 1111111111111111, 111 11111111.
111 111111 ι11111 11111111 111 111111 511111 11111111111111 1111111111 11111111
11111 aue 111111 1111111. 1111111 111111 111 1111111111. 11111 11111 1111 31111 1111111
111 iij. 1111111111 11 111111 111111 111 1111111111 11111111 11111. 111 11111111
11111111 1111 11111 in 111 1111111 111111) 111111, 511111111311111111111111111
11111 (11111111111111 11111111111111 11111 11111111 1111111) 1111111 111111 111-
111 11111111 111111 81111111111111111111 11111 1111111 111111 28111111111111111-
1111111 3111111111 11111 1111111 111111, 111 111) 111 111111 11111 11111111 111 inu*
111111111111111111111111111111111111111 111 1111 1111111 111 11111111, 111
111111 111 11111 111111 11 11111111111111111, 1111 111111111111111111111 11111111
1111111112111111· 111 11111111 11111111 mit 4 111111 111111, 5111111111 1111-

111130 111 111111111111111111111111111 11111 1111111111 111111 1111 111 111 111 11
, 15111111 111 1111111111 111 1111111111 111 111111 1111111111111111 111 11111111 111
1111111111 mi 11111 11111 1111 1111111· 111 11111 1111 1118111111 1111 111 111-
111 11111111 1111111111 in 111111 11111111 11111 1111111111111111111111111
11111111111111111111111111111 mit 11111111 11111111 1111111 11111111, 111 111

11111 11111 11111111 in 111 11111 1111 1111111111 11111 11 §temno 111 11 11111111.
1111111111 1111 1111 1111111111 111111111111111111111111111 1111111, 1111111 1111
111111111111111111.1111111 11111111111111111 1111 1111111111, jn 11111111 11111
111111 111 1111111111 111 1111111111 U 111 1111111111 11111 111111 1111 1111111111-
1111 11 111111 111 1111111111 111 11111111111 1111111111 111 111 111 111111 111111

¹² 111111] 111111 = 1111111111 1111111111, 11 1111111 1111111111111111 ‚
1111111111. 1811111111111111. ¹⁰ ⁸28] 381. ²⁰ 11111111. 21111111. ’111111
111111111Ε111111. 1811111111]11.111.11.ρ.18.1ο1.6. ³⁰ 1111111111. atr:
1111111.

 

